7604
92391
93978
38734
83310
82352
70264
47960
63307
60088
28364
14521
21601
78489
45288
54397
19234
97021
3187
35686
44389
73706
92461
3599
6866
9077
26758
531
68858
98878
96853
5869
73815
68518
6752
7956
19296
50643
71579
68397
35584
6055
74790
98841
12265
31819
49429
35812
2188
49230
99705
13108
21759
78739
356
56610
14438
86767
23655
41447
23180
6843
43746
20476
19882
81134
1375
56743
41640
77182
21138
96626
47937
480
96922
84155
8787
50399
43034
23548
84742
86206
11010
73193
76934
75778
75526
14087
57775
85314
5958
72495
16359
96412
54952
98019
56752
12884
45423
80511
22391
25040
47516
77049
93690
9114
70246
35508
75189
33156
34271
1754
70847
79813
36910
565
64675
6638
82692
23300
52505
8188
22096
78813
73253
89565
4816
98039
41552
31726
8500
49912
94375
63608
9863
14756
98502
94397
1281
32959
62776
70708
52392
23146
92758
34311
27230
98032
93546
73346
74917
67927
78844
11073
45040
8491
87964
84357
78201
59545
41418
8322
41403
26266
60665
75101
2369
6713
41495
43890
68940
17644
82431
36126
94650
91799
51604
77392
38939
33848
81738
18688
65872
53315
76279
95812
51091
87199
61575
79157
80396
3640
27004
68962
43159
2445
4549
1702
58902
54158
14142
61808
15784
42593
70712
11418
99776
47575
6552
45877
63249
67062
17013
99222
73806
49397
307
79079
7763
98714
96286
95914
90345
80416
10622
30861
53124
36976
89873
1256
82949
84819
6230
69522
34563
8578
38064
54686
81667
59182
56683
85781
78087
27061
9915
68009
26535
41223
4697
34391
43132
54585
49718
43979
39904
78696
58279
75152
15824
72347
75433
5379
75842
40370
24981
13606
59567
20961
2900
88313
44173
91588
7182
12135
96068
53586
54826
85023
90548
65180
52897
53965
18776
76489
31066
63080
71898
65174
46721
39539
47303
68840
75233
9692
4440
13190
23689
88654
82790
8607
77423
31159
18270
87404
70934
86077
14355
88115
85331
62638
46690
30650
88346
20762
81811
18404
74431
5509
29815
3227
10744
78394
15058
19071
51411
45231
74112
64030
28341
53778
73055
3406
5843
4570
97025
55579
85391
10089
10168
76374
11483
84038
70565
24744
25545
34926
25398
49096
84070
63114
26403
45108
62757
72766
113
22634
46226
22940
7729
45753
50016
89313
16261
57174
8303
13574
60688
62379
20398
93657
57956
142
14365
23615
35414
67689
88751
86089
78672
16017
16697
93564
28892
82005
58808
13714
21685
28598
84270
74179
87720
29367
69916
55669
38501
59086
93140
83049
67690
49222
43175
50801
5436
6611
33828
22782
93050
14656
36736
42331
16043
70711
25673
66297
16541
82369
59805
49325
26855
7234
90217
84359
15948
53455
20105
15036
85400
19041
88888
69241
83212
9490
46938
63263
15729
95661
31381
71297
42796
37028
37026
37553
65737
23380
55301
52262
94747
7441
11046
55554
8336
4320
2662
42270
49507
59617
45662
56396
76114
88504
71972
31716
66904
60692
27291
9410
66997
11954
40181
41270
10618
89039
17253
39558
38504
62917
26245
33978
10580
27138
2954
54156
50512
38556
29485
33717
5835
45999
34595
48034
71049
1562
58716
76849
86056
30304
75534
91050
56890
5029
89089
18792
53160
61452
65677
75514
4051
39266
56283
92421
95126
77646
73886
89292
79951
94037
76066
88501
74420
66037
996
87832
93310
10831
95105
49151
29669
20173
47026
57460
24362
17350
73654
52265
73127
12456
49957
21848
20735
11373
85187
83416
90604
59421
23556
45251
93440
65263
631
55196
50997
54424
81912
93006
15562
47358
12088
38474
54786
57948
55806
50934
83483
65368
22647
61311
16905
47948
81939
2883
78194
61608
83766
46607
85811
37068
49511
24355
56778
76177
35162
79976
92073
83519
36829
32950
65088
8939
24967
75703
40642
22721
93530
28207
95034
41516
12228
81060
85972
47804
30702
50792
68295
18449
97938
55864
43152
12104
91269
42526
87773
71692
38915
77259
57340
83553
10696
94253
86214
1032
91343
13674
56101
75791
41928
18638
94010
92832
98221
53161
62674
62292
9504
72295
26880
89850
76768
5632
70673
47831
27972
7277
59020
40985
79050
1482
17948
51119
91602
47699
9842
60342
20863
71484
40635
27189
44951
58852
56108
49114
29249
93898
42059
52616
19538
26858
39124
7451
16451
41734
66395
65186
86294
99283
46716
65527
76278
61250
48838
79049
2932
81882
517
63617
57218
47046
19247
37247
22088
81636
84346
61372
16006
74510
5534
68747
69137
80894
52774
87637
48086
22020
99701
57221
89588
86314
87727
51150
11018
86271
57441
43177
56646
14921
78147
40615
70385
12793
80728
30993
49506
62194
92945
72982
34023
68713
16926
55424
68704
85675
25518
33147
21250
86160
16405
17957
31505
60251
99354
13811
14736
11226
79551
57205
25596
63064
21803
64022
2924
81274
26972
63239
16449
15119
28446
40296
64125
2403
11110
74758
48080
62740
13871
64041
70252
81917
30870
75150
38174
44040
27787
98572
8428
64619
25286
56438
89286
5884
21508
2112
40437
6060
52041
68629
35313
8418
57185
53129
54738
17455
32232
75862
39914
49981
84505
69331
40646
8088
21645
96677
27709
74321
70752
1097
76944
14831
11718
44792
29943
15064
10280
19100
34885
50672
17177
59222
12928
27740
9598
86773
79382
27906
80571
68241
36720
57738
12739
89052
50695
64112
56522
73996
52347
21655
63004
5343
68478
23140
43864
89938
33710
89297
37310
37794
80366
95323
97893
2490
48166
46298
13400
16425
49053
40023
43166
48717
48459
52834
99668
32765
31032
73438
5786
64765
89346
74969
99078
12102
84910
3546
862
50093
30009
5389
71367
43532
37036
52151
5457
97593
71189
1617
65870
7118
58506
26302
56668
53216
13242
59068
23997
78796
19350
35084
35114
88141
2047
30970
46095
7421
75845
54888
6303
13781
10053
81365
58064
94355
9346
42006
8086
44996
9022
68977
31096
35027
30182
66949
18560
82771
59312
50641
47654
74772
72971
94399
64579
22396
67589
75585
83524
48132
86241
72241
94367
23965
20372
8438
37063
99532
37852
20880
32828
20221
10649
6625
48096
90956
92923
73422
7622
99418
85662
54418
23928
40602
11940
96912
44593
39111
652
20877
71762
23294
8004
60785
53205
46852
58102
51331
83083
94731
37317
49179
43880
92987
17004
9969
48662
85027
40572
67268
32704
19133
33671
81231
81940
77004
58827
55341
8544
18112
26007
81484
72582
36838
2589
60913
30409
22795
33748
62860
22601
30417
96335
89245
63843
93189
11462
79834
20749
55058
4809
74069
43758
36698
61788
1108
81657
92739
22826
82211
15428
66306
56021
29885
46623
21036
57715
87168
36625
63416
20844
82802
73354
91976
52239
79664
45919
36309
79935
96036
83337
7270
90327
40240
53947
47934
90823
4102
99197
43680
40231
96901
84547
5358
69337
42637
14782
20821
38730
95136
84102
96832
90303
92991
24389
22834
98234
49684
12259
64191
83187
31162
41434
52427
3682
63052
45450
74471
26789
19104
60313
41559
72878
92918
33634
53414
51180
4328
70068
73686
46860
80792
14693
90506
73764
53680
39319
72524
24159
97344
19202
64995
54778
11898
84940
82057
48700
86619
77794
90787
10623
81270
19486
88520
25354
95271
35799
8518
5564
71668
28024
93706
91117
3568
15484
27372
28568
40404
60712
287
32140
58413
60721
32992
82810
96914
81877
79001
62754
70766
87759
15077
49934
65430
14028
81480
88181
44907
70350
13352
16342
20314
91980
4005
10595
18599
21113
94626
30792
66599
1871
58103
54141
12845
80197
87436
94534
21869
60215
8560
56960
37226
62367
13911
56591
40527
41540
46614
9078
23575
72826
10908
31666
42339
52782
41926
68473
46406
43954
67819
70249
83802
2582
96998
69861
72576
63858
54630
25490
63399
71482
68883
72548
34759
66417
37987
88413
90453
84677
69468
50558
79587
63115
59092
59137
50949
14282
25869
46596
60304
68332
15794
21714
5491
7218
98696
65317
63470
48418
31161
91828
47609
85987
4779
64843
10617
71790
72166
51833
41815
2345
43382
18323
37783
62172
94687
30775
93219
48199
95479
85167
17384
28429
75350
21077
72543
61373
53396
13616
77677
84690
36475
10673
62295
20266
67915
68225
97653
6723
44391
843
31688
40101
37941
21043
9284
34303
9208
24243
38750
7846
22923
21497
19126
91897
27062
64967
23124
2863
45333
75825
16960
30777
57688
50060
61013
74801
90759
32285
74333
427
2111
87288
94489
77953
55344
25805
44351
31808
22071
50807
84810
24799
69736
75553
77144
99203
13725
17640
60434
22910
1626
16671
15760
24811
29770
334
12828
66327
94950
75731
1940
31398
10536
68795
29819
46430
2318
37450
5676
95051
44014
68699
37960
47511
73076
37637
62482
98869
78945
80387
25327
10892
25698
56261
20947
36646
46841
77843
42010
7375
11054
31157
20925
333
92500
89244
8014
71527
45671
21909
98728
50673
14593
10413
22308
4250
38584
9174
12879
44132
39535
76522
58771
3598
2078
32514
21360
98867
65440
69748
72492
18473
15623
84584
94772
36189
81073
76784
22108
88885
19752
47
34129
72357
23844
41253
83068
43841
67979
65057
17280
88816
96573
36001
34849
16736
87714
33115
90565
81004
28081
83592
86274
29501
33691
84252
5420
13318
94870
75911
61508
15262
34474
42774
38337
75621
20878
96721
81197
69766
80925
76984
88951
60195
8644
25370
55934
97162
93536
28806
46461
94974
34248
47212
53899
8740
64080
88047
85778
40716
60356
55623
89659
50297
70498
34463
72094
92497
22876
733
4055
3648
62929
8480
35342
81498
15906
30514
35316
72583
62339
29565
52569
67781
27561
16202
36863
27169
58206
5286
37105
18998
85493
18589
77268
57027
29715
59714
4718
9940
40246
80048
28668
73929
88030
61811
45361
72664
22307
5759
49034
52838
11401
85994
71423
84029
84972
43233
50992
41965
27837
14289
90915
68483
12376
50553
37552
82956
48632
75082
67275
23860
53912
99648
61931
63363
8915
9365
14494
56794
12497
61792
92505
66581
21565
5252
60794
1741
24643
76673
39900
54285
64145
77550
34690
38723
9684
39416
30878
56648
46158
2816
22232
90788
13116
4592
78089
53042
62969
11237
10715
36871
53964
44954
90987
20485
51165
93326
1938
73783
8174
28557
85898
5528
2457
38537
86256
84371
16681
85845
70886
73123
16287
11142
31267
70251
68135
58432
14709
97756
30795
13784
56482
40262
17367
21362
24583
7974
47969
26041
41727
88377
22670
5054
15065
26184
84945
21012
5250
30091
71674
53645
57719
66585
9451
17479
22119
90793
29517
8093
96415
65116
34913
91934
16423
31194
7758
71050
2755
95286
45858
52494
44477
51379
86843
52039
945
86560
56973
49770
78048
82838
5510
38661
76799
80632
80253
33977
43582
14059
70541
5064
12902
44956
37648
52860
50714
87038
10951
52807
70912
76457
90085
62199
39194
18549
22085
778
45797
40618
88486
90359
77347
61661
33946
44671
1922
82159
21338
92978
75500
27659
77608
923
42860
91519
50958
75274
39759
52832
6681
54153
53845
42264
42584
1116
62761
15261
75651
86300
85647
52515
57672
29614
78570
70910
51195
19243
73699
42090
16008
81128
36979
1190
98195
54272
45238
72915
6076
84892
57947
50551
46179
22317
64779
34949
17279
12529
34363
90957
71258
68035
73807
77228
42310
79522
79200
44038
56739
4254
7568
40898
7269
12819
77163
42878
27675
38605
2448
85093
28302
79180
85746
7220
74559
64855
85341
52195
96155
7985
13854
77853
999
6703
71523
42353
47721
13155
13627
16025
71938
21965
76189
75535
59432
59544
67576
88521
70058
80127
36587
11224
52454
24564
73474
31830
84301
59334
9891
81148
43124
61736
18922
90734
2734
72719
16576
29452
56500
2654
25898
1786
25968
7801
93702
96915
28639
19923
20913
78155
36514
57541
91693
3474
46163
38632
81841
63087
5851
73128
56167
65667
59518
73991
67697
22740
49528
92776
39843
53950
7496
5004
48309
82670
97254
73345
56063
68688
50519
37825
71047
35175
40489
79302
64621
68050
72216
69105
6153
56218
41069
6601
24256
9347
24304
57241
4072
14075
14495
6988
75207
67194
3758
44370
31873
98236
30246
77741
70250
5281
71552
41336
58451
86716
86041
39519
2087
95189
97625
11653
98163
56785
82689
43272
10461
9823
66579
76483
60303
30363
49462
33351
80509
42178
84147
30771
87417
99543
16100
5886
10927
98865
37199
51633
4527
69268
88615
38835
34327
4750
62366
27618
3229
65574
16234
22043
79747
32437
55776
35911
92325
61784
97355
92004
34180
57022
98038
62354
50068
32030
66006
79964
51304
32126
40328
31072
70020
79737
88712
26846
740
18410
52307
43810
63775
19792
4627
55944
67366
8238
71691
89329
16917
60873
17399
45548
10293
43595
6375
3387
16656
89182
53165
46148
23313
87017
81046
80233
7914
38997
29610
9124
43340
5839
4457
60393
65238
26788
96117
90193
75341
44972
30779
57821
66929
5691
46720
79815
19546
83249
78593
95628
90647
27654
77654
89240
75242
62522
77839
33464
1233
32104
43136
99673
89204
4230
75936
96599
38294
63864
10845
79026
82799
24853
67886
31279
13207
93712
2466
1570
5434
6767
91157
26470
16884
30376
83735
8389
5896
89120
32383
3616
56566
30679
10898
24694
46691
96086
89166
44752
23318
35786
96629
42301
88732
3504
47281
7344
85900
69702
24413
8310
30169
77156
35513
71860
6630
63815
99027
84743
95471
14497
90448
8799
83009
75448
74705
79809
85221
23173
18249
15730
4521
84638
89076
88383
2773
93637
66010
80996
89128
40329
99147
84631
87671
92546
33915
66415
26611
14690
40104
79918
2820
55473
67476
44308
73569
65326
89716
98936
40035
24464
2945
20763
6449
32971
66202
33688
7295
80538
23444
69888
27475
28090
90259
64707
84046
86478
35345
20188
96034
44762
95931
67356
1767
74892
46568
44441
41653
14490
65914
29315
8703
82144
76167
53616
67710
99918
89440
51809
78055
52784
38172
29973
50529
64721
46260
83495
5597
57835
77058
30310
49731
11145
93662
72552
64771
7304
40012
91260
71183
45447
5324
21679
85424
37918
19947
75939
20677
95733
67317
22296
93860
58706
85485
44624
13277
27389
70094
63504
83023
29244
68760
91378
53626
17871
30593
61488
13004
90078
74590
3314
51334
2532
83666
11039
11476
53809
64527
61726
71992
55134
66038
16130
33074
45434
4221
94005
30774
42654
16867
53711
60223
79159
80648
3957
44382
38395
7203
96140
46456
27965
39316
34470
84556
9866
28846
63994
20824
94686
73830
92706
21880
71859
77108
40397
24833
91510
19559
14499
99702
84983
55929
40347
67668
4117
69328
70905
65104
88240
57387
88076
18990
28407
37255
82103
71370
87493
26421
68190
90266
47019
89797
32308
45678
52506
11176
43933
43138
54294
64634
57255
72757
96989
28458
36933
76853
13159
16152
99101
96782
27703
22243
84225
23610
51439
12038
57328
63092
69712
84634
30517
90274
30470
25110
21930
46485
32933
55684
47811
6650
90928
24313
51173
83391
823
50229
36249
22507
3570
98146
57002
13622
69050
44816
40304
68339
69094
13525
95631
96383
35122
21598
60248
84438
37410
44355
537
629
42541
4583
27647
51149
4618
32864
5942
85460
33108
6849
69753
52754
9328
45385
65554
50205
13261
10340
94472
74113
58083
39478
33501
68971
63302
46801
6446
69539
90725
79452
95920
76564
13363
64980
87507
45983
70659
85003
2092
1237
92136
28939
41356
55511
37539
41448
79185
93792
70088
87146
2923
18196
46147
23060
48901
2438
15124
23316
33162
55160
42127
94707
11501
55412
37999
41844
29087
49725
82246
66368
96174
88807
3526
25102
89105
41533
9238
16785
81620
31355
36374
77085
64644
4485
79527
6935
6520
91453
10842
71902
72354
32844
42955
5322
40424
43228
66807
51509
68543
66882
44672
33195
90115
73167
30250
45359
21310
8071
27512
5411
53147
91237
85919
32212
4687
10585
18901
79740
51365
27808
17520
49353
28917
70926
22771
60726
63950
81575
82392
62930
58607
33062
12513
37256
15442
22643
65623
39742
72252
31650
18233
47589
2223
73397
32444
10033
10397
74354
34964
22646
16172
72191
4626
50579
83448
27051
42529
44889
54997
41985
33427
51034
95574
99703
69304
77002
69810
42343
53466
76632
91084
71029
36513
51823
42853
47290
47768
58110
83229
76633
54923
38837
8687
77298
3386
77995
94239
9023
90995
53198
35668
46481
11209
30136
72937
19068
51186
51518
66873
47739
52367
762
99063
62357
86885
53827
88455
54950
78551
25987
87894
9767
85945
17246
30915
69523
3184
58417
13028
53390
92238
64662
76830
40509
7403
72885
76557
16525
62993
40836
25409
24842
66387
22004
91881
60584
92189
48235
60331
2166
11516
39740
64743
57545
37837
7110
15739
31086
55787
20595
94025
9289
18662
16418
35737
61347
95095
44472
2971
93239
8321
90333
15098
64975
70555
21826
6437
56423
46114
83346
43993
26455
34198
91241
40701
10203
11102
40930
43555
5046
3370
88035
93909
52286
34602
41128
88206
44983
52630
57598
48785
76989
23152
5549
13103
61982
60856
48024
87815
68837
94537
52525
18435
92721
82779
54945
63571
46070
29879
34970
39439
30740
62033
14030
56228
41337
97294
9413
77185
88558
78537
37815
94121
39789
60787
73632
32280
22757
5578
74607
35950
89710
48645
83709
46373
98110
24029
67387
31025
84985
44002
23632
49137
74265
89543
31308
38137
90486
86176
51038
98066
97560
74713
39057
15051
80673
38362
9332
6348
25879
21253
32033
30357
6379
90761
39073
23121
1714
97818
88119
89296
22414
53821
55099
16135
2953
72512
26506
27510
35780
63724
84865
69988
79597
69203
21668
14293
61501
10599
78632
49369
29845
48046
83543
83089
23001
19369
58888
18898
35057
57902
79942
96234
53693
37266
37360
52984
9573
88499
40295
2032
86597
43127
52393
49407
78993
86856
46805
24048
67343
31790
12678
8788
50912
61180
89482
7680
66536
14191
17986
92036
23578
22211
2168
37371
88704
71398
86252
79924
9513
64431
21855
42619
72406
81474
32466
69116
38737
97399
49990
43336
91384
58116
11245
93135
57654
67043
15388
87096
6764
93802
38615
74227
25124
55716
66973
5067
36425
33159
66592
37301
85435
32795
43887
66821
91629
96676
50189
44914
99270
64525
36468
9828
43498
49761
22784
69335
31485
7984
45121
2798
51821
30901
76727
57395
50247
8447
13094
6516
88855
69646
63155
28582
42628
99885
89684
54578
86335
59851
58310
24510
544
50550
37621
56047
81973
32683
67850
30588
90367
35642
82563
28909
45657
74322
91033
8287
51335
81652
91914
14524
92504
52379
16244
15586
75162
38742
23708
69423
55136
80226
75942
33963
62253
94482
32462
65294
4595
88397
49823
64624
95243
99322
90790
45218
12076
75958
35158
63679
37676
27285
20255
93169
67842
53106
11377
52016
43499
94096
31120
99107
40623
72872
41193
1094
73205
8940
54076
11612
15452
77465
43065
3487
53270
16919
68683
45852
28801
23242
88591
38221
27270
75720
95724
62238
94232
25598
67510
45097
72873
82899
38448
49306
5761
75489
53115
1017
25061
99163
53815
89906
24805
3825
82831
13452
62317
95829
8302
65044
3297
27942
45855
29492
7352
80812
97349
43614
56582
71021
30623
80966
38116
3062
23004
78467
12014
94729
50657
40794
21132
96471
60627
94944
77587
35625
78127
28402
73742
73998
11301
24701
54796
27660
56072
56553
50763
65642
7088
29390
9617
1575
94145
43717
40678
50213
59366
22552
20491
43861
31711
80720
15129
6351
57900
18240
73129
59731
34211
4804
90496
71589
42011
7043
61919
56277
19501
7554
82037
2837
19112
46729
9902
93191
26643
24524
56717
42552
84617
27784
36537
30894
46402
17223
80002
36727
26595
14553
38061
31168
22063
20464
35014
20429
31435
48997
1202
63079
35499
64217
59148
11566
67525
53494
15287
47704
76355
58047
33956
91677
57837
76047
64872
10439
21268
49268
63387
82505
42711
40070
46137
2492
93655
17366
71393
98366
46345
34070
88490
80949
91423
17683
74040
56828
50381
72729
45461
7958
32244
64432
48496
70676
97628
49372
24901
70293
90638
52340
13878
35788
21791
10468
7537
50783
39090
19980
1987
97732
44732
16795
91322
83124
72984
19102
78174
8227
29765
196
1080
5276
28720
83259
2628
16470
41863
67133
39318
1516
9209
70302
70722
2858
42930
41013
95763
6309
67057
39938
75740
26401
34156
75181
35481
99963
18421
84999
43273
55712
58091
25612
93617
79132
40897
25764
78562
92218
53560
67932
12459
18312
29606
45066
38275
15195
49697
13047
3254
23808
67116
21723
46332
75084
32412
53868
978
33261
78603
16957
5574
14502
78417
70946
26082
82546
47835
51166
13565
4915
64198
34412
71539
66736
98257
11627
28340
42139
20389
15444
32276
92705
50397
73562
47693
93124
25439
62619
61243
15033
99156
78161
88482
26060
39929
40299
54638
69986
67727
42189
9296
45139
79161
40487
23747
5600
70845
22116
89619
1334
90214
87903
47961
10094
67172
26828
16521
54480
38810
87378
7544
50953
97465
69679
96964
97787
81138
48004
73651
17090
77203
35848
32108
68946
94023
50364
59736
41905
42551
64891
24588
10370
96720
36348
45346
70386
88536
27676
71491
74517
64542
48020
32494
4447
98047
5232
61526
91751
42345
23164
50131
68600
62817
13573
83728
30976
72449
63839
55595
65563
2152
57680
20165
55925
53229
4390
25592
35768
92759
77499
66436
94120
22339
66939
93373
44697
39804
42550
42373
1180
69802
68639
52398
73520
1659
55320
84030
91793
10499
46851
69016
87881
1925
30739
61079
5397
31291
36357
11432
13102
20237
69879
84344
76107
57832
42216
47190
74253
25913
89821
50077
26969
86960
27433
70556
32231
84040
74900
78067
76379
59207
43396
33902
59963
20577
24300
94085
98023
71769
97365
28277
2366
60638
47671
80407
49667
60003
63157
97133
59811
58953
48349
85513
5700
59113
79240
28143
52408
27099
60704
35787
83895
59643
9032
35184
77501
20002
4659
22917
69756
67508
69976
87144
74805
74020
75861
60009
27736
46547
48336
17801
60140
98384
97746
37147
23799
40494
2310
20825
66545
48015
23656
92121
30314
43838
15159
42623
94468
34054
22361
37885
76605
46418
20708
79097
16838
8501
42014
76685
71960
10469
32129
16164
86189
92038
92806
24686
56947
59150
56617
89658
31476
89251
48232
8153
84060
79584
34953
67518
85630
33643
16946
30021
86806
99754
69681
74803
41791
42430
71785
32902
25254
39995
9793
19081
96952
85780
83859
31098
8415
33938
12810
9282
64761
44738
65670
9213
33168
3681
98899
21027
28800
95977
48359
75455
40522
77025
89324
84468
48888
95562
35829
43344
66033
69100
34014
96382
78490
72103
64811
11877
65208
44334
15100
45298
79641
89058
64383
81184
38641
71809
15012
72663
48099
62584
68969
78578
38792
46438
513
28505
67894
84954
72581
31395
74768
5096
10416
47818
72304
936
97695
36569
21355
34533
50838
32573
25810
58060
30399
60339
69794
98012
76570
14896
31951
14968
72467
65413
9509
60297
62605
86623
95996
6657
65183
27531
39752
3496
38126
37013
91178
73966
94271
91366
166
45525
80255
2488
85310
89096
1927
13415
35173
4143
21897
83988
43215
37492
34592
28595
37205
20621
27870
44550
85668
19784
98619
71826
66257
95450
30633
55078
58556
78152
99219
54915
30923
82723
93788
62931
41072
66166
26886
84826
99052
69185
79758
94340
60053
78207
78020
35962
61846
31171
96007
82801
6864
58117
45722
46154
59800
42286
36358
89408
71247
97179
44843
76821
47858
51932
95683
60164
57037
89706
931
14045
69256
49332
91333
14310
57812
25436
52790
44842
59512
38648
87920
87990
13723
62774
25427
22854
10221
18846
25404
42854
42618
11290
40902
74914
47059
63138
9275
29660
10799
86303
36139
41219
30033
12297
57661
70586
78886
53853
82497
45096
94220
83714
45406
36738
34395
17667
29656
68260
7464
17348
49331
59866
59063
93444
85643
19131
53190
6899
97702
35939
72584
6530
12193
73768
21291
60517
38331
84691
35697
70739
65455
63374
29538
13909
44674
62961
77968
12830
35975
40298
82154
64941
28930
67103
20270
94733
49029
62965
15458
50265
14936
54325
41921
37813
62489
51071
52912
7335
18933
40289
28650
51720
97860
32778
92986
84237
51861
56382
8341
55865
4181
9950
52176
87722
34650
54683
45267
58158
86284
96141
42133
11825
87669
49586
33354
55647
24765
98614
34616
5080
52449
15518
85213
39790
3206
93443
89009
21888
12801
2213
4916
78700
86142
46611
1731
32358
41617
49825
19343
29583
47093
52442
59397
34341
92245
7659
66660
77216
88790
80356
68625
8745
15137
11205
90425
91263
50857
74531
47610
19498
95606
40822
37271
3009
75171
28695
66613
53110
15198
2362
66497
73238
29403
76753
8275
16201
67085
72716
93905
31253
38142
49935
51533
57113
78242
60347
64161
24438
10497
15941
68698
33720
6569
93236
10250
32736
43808
67571
42342
36966
90639
324
52703
77361
49467
65393
26555
85012
73519
15990
68342
83957
44127
62333
7531
46918
26150
45291
59119
66322
39570
9713
99610
30937
85677
37463
81610
62553
95981
5975
55710
96562
74856
64786
10137
73946
13882
70825
23442
84342
19495
52025
89255
17138
19747
27471
74032
1388
46004
64646
66769
49611
6730
27960
37025
41983
36985
86430
68409
78841
19196
55638
23429
88043
54692
54393
32054
870
57381
31237
66366
18284
84253
58662
98835
16800
10714
61813
25751
68769
5142
92429
20052
15146
23403
29405
30512
98233
51372
85260
29771
29987
39242
63338
31663
81020
43910
49750
86596
77974
62818
63156
47231
92344
47894
92431
53298
25948
58879
63867
24936
5237
36978
68412
35165
72996
40476
89689
84654
39730
27537
18202
62680
76947
96166
28372
34662
82339
518
85911
60030
58692
23346
81271
7821
70745
99752
76036
76005
66608
36322
76057
65331
93266
71749
40854
8694
95645
1016
19982
73311
1082
22142
53607
28067
73871
25763
79219
17434
7175
68096
99845
17756
80932
34927
85214
15612
45214
22109
26208
81098
59898
85620
74733
2221
46271
99070
84527
28316
2101
12140
82968
59636
17548
88475
5404
81713
76035
13024
68052
29288
59798
43266
2655
66892
98260
7693
5592
27342
99485
63301
11050
2727
23385
79358
84974
74256
53499
9853
42489
35575
1545
51857
49133
15416
39189
4762
88299
2762
66199
70927
40353
18666
4387
97426
7599
49529
97036
58291
89353
68010
5403
88489
6270
12663
23815
72220
76521
47512
44584
63792
41823
4646
61967
24527
69506
58121
82613
93255
16606
24455
33566
11756
62210
6091
25793
81910
26151
54114
9674
28390
6994
69024
90628
86892
83899
82624
4041
57729
15507
92060
22326
3449
12072
72254
59402
76159
51985
48931
65276
90170
6274
86941
10586
37529
13856
78099
39065
87873
15322
82099
62923
10954
70686
57310
41026
60359
41930
86706
56654
26968
328
28715
3714
91866
774
70213
70959
81543
80527
57171
2809
33356
51069
89181
25704
57681
40340
55659
72394
99524
62576
47978
86959
98054
45583
46060
60394
81999
4913
8931
69932
52131
14617
38185
79408
38413
27585
36968
94837
24081
23410
65959
20101
12461
76623
13280
44410
75695
90194
71582
7682
95443
45073
12996
44313
5530
2311
99584
54712
50888
61067
78435
8042
7385
41836
85674
627
29273
70459
43929
72902
7733
8530
13204
81867
70046
39643
30103
78162
16374
33161
24571
48582
4135
44847
91808
25270
7069
53081
10338
94380
67178
55329
28455
87266
49093
96644
42509
83117
82629
50866
66451
40656
59330
31620
37532
19870
23878
63652
12718
47411
95599
44227
86457
78569
20522
93059
52635
44073
42172
25732
33480
82264
33560
66745
15996
31584
58572
71265
464
86433
38517
40734
68739
20738
24092
83322
7337
91320
27901
40830
67050
30371
62769
62847
44598
84524
2617
82660
84009
81488
6355
99316
25321
26419
89435
34518
63348
4296
29563
68012
64669
45912
47002
52567
48468
84293
69352
26348
57532
93014
67461
55117
36851
14798
10025
22466
7641
15932
98355
73070
10039
44452
15986
44501
31233
87428
54170
83799
66999
56863
85703
6504
31973
91018
91854
30236
55826
56616
38553
84543
75450
46464
71449
28035
98860
5319
33402
9447
86154
20971
93034
34442
11511
11211
27146
94503
15382
40729
26965
68510
68773
42962
51
34897
10818
21956
75723
27753
86283
33176
41585
34740
25973
91736
37826
71450
65390
54011
86035
12953
18788
76653
3856
96109
40735
51703
98830
30374
1622
2797
83590
93760
26957
79339
351
30262
9098
86043
23512
2781
94638
57534
81665
13133
64583
78171
11845
8962
90845
93314
53104
91413
90894
82962
53402
61569
26367
31140
82331
44454
12775
1294
21421
31351
10912
56071
30886
82618
6628
68583
61734
29044
80445
63923
33528
32643
77709
33506
62856
95019
85434
50055
2176
11164
91727
75004
99001
17232
29670
49167
13835
67024
33496
65739
69252
83357
36151
64747
12406
82072
78197
73050
85622
42456
47244
75607
22561
52390
60776
70043
34698
16547
70464
54463
1618
65392
91860
35228
34244
31603
16928
99569
96181
43853
79696
55516
68708
55576
52602
81161
75473
62773
17025
61680
86308
2449
71024
94657
31184
79233
50736
64528
45580
78823
33656
48338
31506
3148
60972
56427
62859
39563
61714
31324
88426
29417
34738
84500
42638
6653
88429
90841
95997
27872
43991
47330
17120
16555
13069
40717
12379
35059
70922
23777
71929
67611
62627
45666
31701
93808
68117
35537
14748
20277
70917
94635
9
32637
19167
37678
15809
21381
31314
33624
39064
40919
2315
16148
76042
4100
56946
86754
19096
62053
74760
50411
660
20702
84785
51695
77040
44484
14305
99932
9190
25999
92220
4651
12031
91509
71014
24226
36904
74478
77739
94191
95177
62953
5693
58407
33970
91200
54830
56372
31110
62963
77564
99547
35961
25232
80616
49176
50022
64868
30566
12973
98492
61550
70276
84642
30305
30799
56303
13337
78053
98481
16296
56490
81990
67556
61731
19203
80604
20724
90338
84842
73387
30428
48800
80684
19764
24206
17899
9725
3460
12853
89833
67290
99772
25993
13833
33620
12855
60398
32153
29940
9220
63362
61324
76443
56923
35875
44013
49939
81115
12301
77400
27376
24689
18091
75761
52267
31872
4473
34064
99614
87687
74357
7957
97865
86511
103
14727
79662
65402
50005
3181
89542
35703
82605
73834
14232
82594
16022
27463
43761
88741
70804
9320
56245
13532
93578
58820
11003
23846
72886
84163
9929
81945
70602
95642
95157
48964
38141
78257
47104
51055
60190
61115
4105
87999
73989
98588
58006
99609
29818
90699
97639
30356
25961
74863
4752
51392
70996
28687
6194
89372
97511
87952
56052
81673
31147
85949
77806
55559
50740
95259
30486
22228
55655
26770
63372
37929
17051
41139
96937
52255
20162
43707
66089
51507
15279
8913
43376
26226
34998
1888
26588
18279
75895
64162
33348
9300
83408
4088
14925
32167
78422
80686
48001
29657
31862
26155
61704
24979
7157
58652
53349
36325
22935
95749
15816
25466
50387
58367
88892
48462
2929
98149
42421
56377
15925
60147
12328
31419
33829
56020
80662
88441
81248
29112
69410
70128
93966
77850
17976
24139
15233
63980
37383
89348
89374
18067
69303
68838
8452
97838
77016
60414
11830
78397
58305
76156
78438
62581
96353
91202
55699
40346
86145
63228
60657
3048
17997
80692
87133
71196
4858
71613
92483
95112
42356
23863
33382
67859
42527
51566
80132
37141
25470
19392
42117
72734
844
33324
35713
97884
30553
12534
34591
74335
65080
30473
89954
69526
29813
48642
66933
70527
77866
29319
28736
82513
87642
28502
46742
73576
93233
39627
76481
61588
60946
39346
72222
37897
63861
11622
17063
82945
2742
42555
39233
18515
66061
46719
35290
17914
35045
34418
97603
55206
26349
95588
67168
98319
62472
52091
98658
92288
43145
94676
74455
95844
18191
35401
32155
54677
92907
94217
61558
86549
70864
31826
56620
71192
9992
53066
98587
98710
26409
98014
24305
23547
5937
44971
79515
2201
8032
49494
69771
19027
9845
21867
40200
57297
41847
8251
10977
17143
85888
18354
81927
49125
82187
13868
5263
26318
24873
16599
46266
70218
97115
89677
14638
2388
46609
72319
23826
99538
99404
89049
70728
91274
40607
62546
85468
50257
68662
82403
16842
86894
88970
86066
75260
70345
83463
39337
82641
34134
503
34544
56309
71026
12981
31313
89599
51864
34320
42435
21213
81401
63982
96927
65991
58086
63379
95000
77006
35960
17435
28351
46126
28318
64896
36227
34352
58618
34855
80786
43682
83613
17487
25890
26448
74553
73329
40993
54328
88561
71231
66331
26811
49328
64824
64411
8978
5141
48133
69595
27994
78146
16314
99484
53141
16545
29331
66676
33157
98448
48343
56269
90654
17503
25591
87963
91353
45664
72599
78414
92351
51254
48542
75106
50454
9601
55715
1399
32329
25762
15290
44284
41601
77167
34558
41479
98198
63694
5933
79765
34445
87445
36559
95176
26025
96170
49437
24382
27386
69923
4177
72852
62266
68217
98616
2592
67908
43791
83539
70583
69890
80345
1390
73200
36713
31099
48150
93238
78288
252
26461
52583
34259
26344
12001
47619
72609
25060
49305
1026
44544
29699
78737
16918
32424
86627
19257
27623
52509
44463
74815
35353
13309
14186
17153
21682
33826
4732
82
4818
22110
27092
74034
78575
53568
86123
32867
69428
76118
13334
73163
44554
84830
97296
42866
41670
92249
78619
78791
42867
99742
4843
54091
35355
98626
4556
43736
2005
4543
96536
38213
91016
65785
90871
54987
79349
48162
87077
26524
86280
67403
76841
45607
38243
78456
20123
41049
72906
68452
71991
23394
4852
41224
84481
16435
95754
82411
67437
31689
60728
14228
66222
75763
81356
62037
73844
66184
61261
44946
14067
68730
98670
58317
916
99559
97679
77093
22871
46462
78514
63876
35922
39168
99987
7710
78042
93097
44986
43559
31767
25576
53522
22861
47571
64256
3684
66234
97596
26377
97744
63210
4797
14266
65249
5056
1372
47197
8954
47852
11155
82158
77337
68151
59810
22732
25103
46947
58575
10186
96907
45387
89413
19103
99064
49938
76037
10428
90124
61136
77891
21293
30355
12226
23014
32879
95750
34009
64961
29904
76181
8711
75217
77980
73592
10090
33112
40403
6000
30745
59621
49080
24832
77198
345
61514
69735
3084
92402
8689
4839
37079
3316
83703
77318
85672
19434
57732
77917
11330
83164
17414
26540
9905
97409
12364
80108
13559
17245
36236
26775
55544
76075
94722
36094
24881
16540
80041
16442
33523
30457
9521
15339
6170
3886
30485
98520
3768
71847
41573
87752
40862
72636
97726
20471
14459
90218
47724
18625
62400
39891
61196
184
5956
71396
8187
64109
91166
53944
87136
10314
8143
88657
92236
32290
10297
65829
75303
21517
83559
71086
23510
71096
35402
61049
66960
82224
20695
28114
85156
92380
76052
43780
27403
26527
34867
10095
45703
9664
51249
35597
20156
57401
19669
2478
84332
34457
34110
1961
98052
21211
8818
90860
34854
77746
72539
37047
39083
38726
88694
99122
44199
31109
21069
87992
29138
65958
81118
61659
41321
85060
46261
30504
22615
59205
47614
1175
50421
32397
45034
85728
98328
96355
4823
17074
36472
60254
98608
79453
63757
79911
10275
833
2834
7702
22199
25479
94628
49658
53937
9673
53757
6014
82174
28822
69630
63482
54003
54719
84581
3246
42745
32629
11972
96517
7866
48244
75427
82043
61833
78191
96163
27729
41790
40653
21861
85712
53097
30501
74936
99832
99994
4400
18661
92579
33234
70474
16780
54800
7834
13250
63173
77624
89731
70346
42408
8870
12439
4639
91069
67099
51451
39571
77755
66961
38077
83607
60235
47143
24385
83323
48449
66131
34891
82305
75540
60272
20072
23617
53808
6343
40708
12765
18356
20075
44466
1203
248
32621
57574
96426
94200
393
95736
93127
89621
4418
67246
77881
35062
21124
85556
36478
25711
53717
24192
51094
89000
621
84044
35235
51791
56034
99622
9983
54829
60091
37373
19674
82933
67381
25004
19620
98073
63770
96958
40408
72795
12325
21318
67572
80078
46216
81900
4787
87208
51748
38580
27900
14167
75919
60023
48323
55199
95785
81096
92287
91554
55726
4798
57786
41103
94820
71738
35429
2761
22186
9834
20876
77946
93349
15508
2622
97604
32730
9739
71438
81173
81929
71444
64905
26134
8021
9556
48604
63903
83983
8537
79404
60922
37501
42287
22468
36801
69992
93211
55225
82688
2060
76077
35814
9919
40224
50383
1949
75753
80134
75869
53139
93722
96057
11197
33411
90469
13049
61005
91689
15569
37718
86106
88454
13367
47094
33105
52529
17225
44449
92155
55227
40325
83277
45220
66753
63421
61546
57621
8329
73558
38594
87865
18239
39696
16627
50485
21531
9792
66311
17381
32351
99076
46128
26230
44249
53014
22737
31421
48683
87749
23998
7638
22257
71052
55695
76786
20646
65835
88540
85932
71065
60488
28486
21789
45759
47174
21984
23516
97682
32734
15815
37294
51216
73541
34191
27947
32589
28432
84893
83609
70989
50803
2841
33746
97868
78708
67625
67249
7052
64075
97745
89248
39046
41254
35001
93122
63185
6553
18019
48539
49775
44859
71421
50698
51545
81181
91273
54385
70444
38786
11821
77014
71564
25599
41317
47548
27080
68563
75073
93247
18213
67863
16401
23916
61942
83992
30503
1510
96879
26298
70129
1710
44739
41429
76392
40668
31677
19037
11739
58975
4461
3093
72970
82437
63316
94511
38655
79599
85037
89091
75311
31696
69200
29690
92294
5996
92493
80734
88445
50901
94435
21023
92619
85067
2830
32226
9235
1138
79814
85215
4128
5171
60287
81642
95475
81649
26065
89593
49890
29379
30461
36915
87766
72559
4398
61836
35434
41798
69269
50752
88134
23209
67443
41456
42534
85902
18331
67258
20033
38322
90754
54549
29688
47377
58860
13336
69102
17945
9252
91208
54404
59947
11535
21180
85126
14360
36436
32935
42891
16806
49492
46063
84655
40256
59665
36465
777
37321
1547
79503
99770
88753
2304
31721
23653
26355
42941
74847
615
22042
23490
14434
72522
15778
2396
88986
80309
16231
88176
98009
44555
62113
89836
60711
13804
85284
58925
57263
8719
45274
92595
51544
62784
27418
85453
50638
33558
51328
45439
53980
42358
70816
68162
69648
84478
54722
7809
40785
10935
97442
56486
4048
49035
20592
19401
42734
4801
48710
78081
74578
26171
10893
13132
26963
22519
1154
69075
67238
39847
69684
44831
10027
47899
25156
42300
69589
37562
61427
2984
32092
22240
27152
1470
48224
79334
56733
46843
45443
73334
5577
22912
71305
2987
96843
31646
35615
5290
44576
74268
13381
16868
96707
91813
80300
70102
4426
40369
34283
47374
99258
85139
92976
62873
51503
88529
42306
10510
23221
78966
15777
93279
31340
50876
55600
92651
75570
47696
72661
83130
76388
67463
21619
66169
87313
39667
9173
70030
53203
83374
97901
46876
89163
64172
1821
18388
87250
3313
32152
99589
860
13136
37520
77598
28488
92013
63961
2737
12303
97927
43444
75839
73302
86275
97114
29654
71876
33328
77070
58884
31530
14786
80742
97878
79195
72821
45374
96842
63710
742
39444
21978
68312
76563
90373
44279
98833
1042
82413
90631
3652
3855
60070
16652
31208
75781
30523
22309
49548
44455
98787
30471
40597
34393
67704
457
14226
1946
40918
51565
87046
60752
90070
32311
1269
25117
70817
15735
84081
21311
45419
90770
32595
64947
78083
74948
52899
37537
73151
86753
83213
84695
75964
88569
89544
55386
93889
61760
56991
42506
88375
88073
66024
32522
70763
80187
61876
3205
59293
67398
21073
39445
6655
62141
62895
34299
54202
8175
14807
94081
84475
97407
33120
37239
76437
96641
42737
45955
87323
90874
18469
20014
98453
16286
67925
33397
6942
42439
1693
9871
31791
90765
36410
52517
1581
30564
48198
95045
68975
44339
45537
70993
51884
44316
56417
60701
53307
43161
74009
18314
27508
22830
15754
77351
37233
30072
98881
14859
11529
12707
79335
87074
89047
63875
33442
90640
2082
94352
90656
13727
45451
19251
2910
81379
78325
96674
79155
14737
79173
70925
67831
43967
98598
84010
69606
19436
41107
22993
471
51108
94378
62949
65593
67447
9224
56100
80400
82687
97641
96414
84073
5136
25514
54100
27679
1682
15413
25282
87426
22527
88005
58779
92417
60680
6117
4428
45081
57782
85164
10337
58337
68357
52988
93522
42095
5636
78766
91737
88921
48025
4937
48195
54900
75744
93711
48276
8564
73752
63394
36796
20450
42379
37066
53069
39268
97034
83508
61783
50164
82881
99792
30097
10462
72054
79285
4409
94669
15351
43661
78904
18325
62843
5151
46875
92681
89746
33627
91889
96639
81057
89926
75463
5270
48054
2415
38315
92967
57146
4628
61094
44447
37220
62782
75069
2559
30370
7797
13140
76569
18291
57583
8372
61440
90789
18761
88808
10808
67269
62021
32177
75486
71200
80888
50070
84922
65662
58063
89113
4141
25907
38350
56442
46200
80028
40415
45212
32675
23155
3509
93974
67319
86434
96687
50708
18138
92969
11567
71016
6415
35398
98962
7486
1185
45085
4649
22463
55286
95199
44018
60586
14959
87283
37123
93606
15210
85815
55316
35872
14335
20031
20166
7744
89236
54822
31542
37891
85977
57917
77207
95782
76194
19415
16897
6515
99501
73306
14525
20823
13345
61146
79304
42642
39633
41688
92569
29757
75143
26496
20364
82974
41623
34761
8602
93069
37922
17569
18755
9122
61259
16515
78546
44094
74012
19905
93656
71964
17250
27455
57830
92860
73678
17915
83629
4793
21995
18142
83779
3233
48298
46080
45197
76368
72794
28054
41978
17242
25015
3263
9791
20298
68568
70255
64304
95005
79853
32423
2890
51495
52621
16113
40560
18578
72645
60482
31386
22025
71273
78716
85609
60961
49206
8621
15869
91577
58255
16811
1642
97289
80165
75970
41167
39641
65473
75752
35529
86447
3831
88571
71730
54505
9091
95141
41166
75692
25531
35149
66338
94093
28166
54436
71852
18003
36650
30324
22399
50106
54108
43515
93450
15708
52402
85232
51230
48720
93913
80321
74728
39886
50354
22506
87888
30466
54068
31345
5926
65908
43917
63309
83410
3967
30120
15551
46237
61796
40352
51514
17200
81176
42351
35216
90958
54750
1566
54293
13556
78380
7882
74166
46300
34532
59473
71068
57425
78306
72824
83632
61529
24610
61047
87814
51035
42833
41642
61945
50212
96850
16955
45906
85852
24930
72765
10740
12021
13380
15468
78413
60477
1061
95164
86539
1775
84280
67308
12659
98183
2402
39262
35167
80666
67374
12858
54467
45400
55501
92320
16220
79736
42202
52874
68831
3420
43534
21960
89340
77119
95699
13522
10294
6832
10651
49570
30580
39573
42468
88527
6069
11880
78818
50080
81245
39479
79788
14002
48870
82874
4310
67352
38468
36237
85092
40198
80453
86373
34787
28570
26648
29842
74024
40731
89643
66773
70564
10973
81397
11279
79042
22686
29119
70731
32206
40540
578
70724
19320
63405
41645
81358
32899
91345
80900
41063
19832
88015
59686
7457
1508
18824
35346
94822
16243
51251
77418
19393
36640
22285
11491
78343
59049
19990
47225
85373
66
62888
78829
94407
86264
47836
97912
57190
81218
11874
33228
54067
51098
9755
71607
77873
4506
11430
4508
66600
49032
5447
14596
12169
20759
45174
68369
36562
86368
83238
78826
56174
4341
71324
65213
98463
60460
83400
26863
95703
42516
8103
56158
53508
17079
50935
27819
57496
28101
66603
82252
72990
6695
8868
72482
88152
39913
56472
25667
16696
18481
88433
84424
66156
58232
19646
53966
90685
82316
76339
6853
68949
25780
50872
776
83065
53152
90310
9006
35061
5101
4287
68574
15135
49129
63962
6637
53145
63559
83870
10417
24742
2109
25444
72447
67454
23256
15892
6376
92625
23141
84964
16796
14413
42849
89905
7479
98051
12176
27773
92658
82101
26805
29996
39745
52600
88708
16990
19550
11434
98531
6645
84317
21396
11154
66935
75671
65014
99951
51588
17485
43187
40829
40071
37399
77633
65264
79698
63111
59328
53440
73894
76493
89087
28867
39731
83690
5015
98243
67564
21272
53702
89987
62184
29711
31670
65857
69634
62220
54669
80413
18081
66667
80263
19064
99083
56643
10211
88401
88471
44105
18437
61875
37419
71188
90141
21020
97832
62839
56131
88160
61956
96939
49850
58710
41087
44810
16491
52205
77068
41117
65758
46018
34020
62208
17486
524
10592
25314
64735
11662
17261
5476
98783
96319
52210
24075
80384
45484
84069
30844
4468
12065
94476
58438
3690
94324
70418
76053
87666
12835
99779
77813
22401
47357
10232
27214
91726
27413
11548
45424
92836
56649
92410
33951
24386
18381
85595
25461
48805
50896
6888
33101
27846
4533
32854
83076
29389
48095
44559
60839
39443
16306
14376
49553
63124
2118
54371
92026
96076
87441
5768
87585
61644
39473
59882
34007
64076
30378
20901
97277
43734
42990
40606
77224
73502
44353
36128
33562
37099
60346
26224
67130
44285
99115
15427
86126
77009
33649
83326
83917
82361
212
72880
33029
43980
69443
55660
89733
35591
50898
16262
90224
71857
75747
77582
45547
29157
88196
9260
10215
21730
94756
32107
60466
19004
94582
5983
9638
89302
79056
92767
92326
20766
41664
22349
26156
87063
85049
97201
3847
68918
97715
59781
45003
86565
35147
23428
90253
11724
79541
57789
46512
12317
161
2680
5448
60301
35113
20459
86287
57324
89818
34693
65313
62603
69917
4884
21708
22662
27515
95768
88912
58209
17982
24963
85056
17038
4434
8185
76034
9148
67904
75844
48440
54575
21454
24073
16651
43832
99402
55278
42081
24214
31482
37324
64829
82870
89796
32020
97390
73431
68823
52335
81954
26569
60231
79422
62387
68539
34456
97451
19838
84680
14701
25136
24856
3480
95535
22776
8545
33689
25593
51647
55725
2073
50081
77309
17761
24807
53310
73150
31235
74293
54861
15920
92858
37412
440
91558
67903
98352
49514
11496
42037
20253
89773
60236
68776
2514
19809
22846
3080
31276
49174
73922
84666
32109
10288
15678
71015
88277
51609
54998
99414
10261
35397
49620
10030
27112
95545
99873
95170
10057
80209
935
23749
27691
79630
40180
10183
99411
38300
9502
14044
78458
10547
71378
72400
94702
6898
61399
57006
80775
75725
46130
57017
93323
18997
14008
98296
52552
30180
90599
99159
95312
11427
96715
15475
84269
63855
27716
30908
70759
2058
34425
58665
65586
79513
50428
11794
42016
65155
11561
92485
40893
9575
68538
52497
24702
87594
86095
25421
4077
34411
99466
36044
73385
10429
57069
52518
78367
19230
62160
2875
62928
9409
26888
27292
92587
60177
40916
57232
76183
62806
93818
42722
50375
80150
9414
86454
6377
57845
10483
24265
97303
68337
39110
73850
67386
73606
31172
28997
38357
54037
86673
31455
54714
39976
70041
60516
4463
64637
10540
53970
6662
87402
53179
6885
63293
26798
63373
84456
40201
33390
69774
75661
79247
29809
37401
24498
78912
10382
50300
76298
72462
47642
61932
38587
17515
49449
73731
85439
65054
25684
91120
14608
66446
59831
48264
337
81070
93772
81003
60279
26385
22149
5616
16390
22867
70013
10245
56426
15346
34581
54519
32503
62591
18673
42805
27865
77211
78126
79708
59223
75762
94545
4412
79204
62239
77735
49808
48550
98620
86044
29407
30927
29245
35600
41030
64620
71251
32823
40767
70405
10201
61737
58345
37308
96458
88627
25565
70985
23676
84538
40477
77034
56799
18294
8325
94004
47635
32292
84915
7817
95206
45283
12318
64310
43553
32338
4974
20456
59561
27431
53108
18033
80329
55393
95280
78305
87779
28027
62542
45789
39359
46097
13907
57128
76306
28903
43486
14418
59542
95407
57256
28444
51644
82388
89331
67264
44867
90436
75362
93651
79705
6802
41869
17686
65314
24270
47172
94024
9607
13259
86966
69723
52396
54637
77594
6054
36115
76389
39699
80042
39432
85510
35454
7386
47554
4882
7851
58423
18866
2935
81084
38789
13578
17060
80629
90471
49566
66756
23421
40158
50694
26389
73027
90429
33347
99008
49092
53817
44240
38949
15726
96755
78182
96065
12805
74498
9292
53293
88745
73609
88539
14942
73965
12056
92845
82837
95707
88836
62301
80701
28080
26667
9019
95435
25737
90350
84850
92062
39013
12050
31702
81353
94624
27283
1912
9682
90030
75653
35890
3818
69070
51505
26970
1904
36281
2933
30831
98927
43485
41190
7507
77710
11621
36443
89517
67674
85767
12811
11257
99674
87797
55575
72503
44906
15971
26841
93292
23345
55077
14281
74774
84160
66269
94244
24151
24369
84104
37116
96497
64271
74565
96749
17519
87761
78950
77158
61244
15944
60340
12970
76012
33697
17734
72693
43649
46056
8206
69361
72440
60695
782
76942
70716
23267
82317
76215
92199
67910
94903
7830
73931
25135
51111
24033
36539
65157
56282
31354
15576
6815
4546
75149
52726
50049
49383
26183
79198
25307
12665
38326
35717
64390
52544
95952
23386
7292
74623
549
77812
38041
2441
46848
88494
40933
35171
54555
61061
95088
84714
79987
55042
18611
63190
62192
26096
86497
58937
76294
12890
61166
74340
83193
7179
72612
67582
97788
80657
91171
6337
20268
84990
42776
49395
86923
14543
31934
92895
87882
77563
51375
62203
80882
58875
17811
34102
94698
15648
39870
3444
18338
97059
19443
85570
56956
32059
50980
56117
73475
64233
5327
68213
2751
10538
41884
16118
18125
66944
46280
96735
77404
85992
72834
20581
2279
47424
5837
34473
15074
45031
45371
94691
20606
44929
48921
88093
63495
15580
8326
93392
868
35197
97677
31285
43099
83910
60119
94277
20040
71990
38927
36992
60858
80236
86940
25998
84520
32688
81086
46259
71747
42728
83250
26750
52671
43023
65434
33529
70262
22422
50252
49295
37275
66438
10656
76439
10803
76794
74979
22087
72430
33642
87500
92890
96520
70327
95669
30548
77788
93269
13679
90374
1053
32318
73448
69583
68876
85154
90329
43739
10339
80069
51676
91907
79090
40009
12184
13468
66776
67575
985
17433
93068
11314
91090
34095
87271
95373
86065
51914
36506
31304
50188
95254
27805
60436
79831
47518
72957
12599
69114
25825
41719
50722
77094
83045
32716
29226
58145
53830
40784
5954
71862
93278
71141
21115
43741
34842
6812
83816
41112
87510
40528
83201
78036
1144
27534
9031
88648
12852
53549
96466
27202
32598
6477
56383
11247
15633
91001
54734
77253
73118
54664
54274
98460
57848
36194
43963
58287
11670
97233
30253
61062
53010
96391
23502
49173
26166
58862
33526
71726
49571
30208
25078
28416
97862
38954
4672
35522
73580
74410
42818
80612
64932
54042
80242
33619
13636
672
36663
9125
14778
22570
25441
58631
26099
88214
87076
25373
61361
2026
4926
92562
71219
59666
98508
71563
23626
50984
89393
36147
12433
77362
92614
95394
40536
6930
97283
19092
13743
76021
1558
69076
88866
9425
55165
34597
98215
32657
54270
98437
6167
47264
12170
93100
18577
53213
26956
51580
61134
859
19200
32962
88017
77868
48917
33557
32156
43375
11047
6573
96318
81694
14018
60891
29260
28471
19458
47710
56665
58433
93891
71059
6800
40594
37335
28296
52856
89674
92865
77649
19876
48777
28382
19573
25192
97919
80767
24798
93614
16393
53400
98314
54437
52608
9393
19781
81327
24916
61830
91525
57641
52577
69431
60012
60326
72621
9906
44727
76525
87467
78160
56111
97202
70111
58571
9121
54046
19368
1578
74544
72373
37934
63833
45734
92099
13795
25811
27181
54744
98080
10155
58471
95349
47376
94343
29018
44442
71924
27905
43500
93697
27683
71558
69768
30670
34126
98127
18882
10342
87069
5864
13597
30068
96618
91961
23712
12637
68296
99630
17577
87010
97615
92210
35921
40523
18103
6427
71216
17666
114
57811
57556
25329
18088
37883
29831
78345
67058
39823
18008
71634
41082
98318
80211
36369
61360
66403
99735
51655
72850
99760
83311
52959
21227
82066
1607
81993
33629
26107
11755
13164
54877
33960
64121
85287
31718
46284
53340
34278
87668
48926
58430
64072
11568
26211
7557
42716
38617
59443
11326
99860
74367
50853
71311
64913
33917
92050
40376
23891
78567
77720
80093
33429
55621
11388
88452
40783
50298
67643
56655
54617
4636
25590
79980
64991
17539
2230
21950
72847
18906
38316
8066
94325
67163
41507
68318
90847
72525
75820
57987
35541
17662
62343
41537
86954
31093
53524
59164
30621
41975
18822
54651
33516
77353
10962
83770
55222
81783
25047
26657
56906
8976
1870
91497
57466
12237
66074
24809
8040
1303
47440
93011
4456
38914
37454
76789
69538
66759
61317
74176
31501
91004
80039
16232
4058
87431
16060
21397
92134
98997
4625
25984
35074
58861
36930
4820
84832
81100
77781
33781
37072
20447
6983
64200
98498
45559
97309
89315
48392
14946
34910
77267
92353
7654
90270
18848
85797
85011
45997
81067
11990
45367
90675
32892
76983
61868
96502
45312
67546
10822
83438
29387
87775
96199
37138
25816
94750
74752
18072
85633
25769
46785
43665
42107
81455
6986
12829
68992
58251
34010
62490
93718
58560
14097
44794
60187
60550
97380
92646
63868
95071
3285
84493
81187
72165
97918
64788
66204
23624
61598
28884
15271
81053
84405
35973
86521
39626
86755
63609
30943
88509
80216
49852
65802
88254
73186
68185
27879
8693
81548
14884
64195
2031
24069
69020
3418
18282
73154
80640
36070
87393
5391
82314
41968
89586
28677
84519
71007
65894
96992
82882
95287
61453
31559
66214
77554
61899
2336
96246
88626
3576
70283
92877
28841
6201
94330
19636
84486
86656
51989
66578
98938
41779
33009
94774
39916
74547
64460
47971
62894
81120
46646
52982
6750
38135
60748
89177
12726
56905
43611
6973
86422
84454
24321
18245
29352
52771
53983
82782
44468
17681
16335
14930
40287
19972
5943
60024
309
15756
57635
78410
68587
26726
29709
48285
20486
33424
23255
83072
36145
17623
3621
58382
77263
60142
61759
11865
87130
22348
86866
43148
20784
35274
4449
53658
85185
36163
97824
37895
9580
326
47932
32194
69803
77830
40138
18574
83652
27728
75223
27120
9430
56178
67923
5648
81817
49633
95299
81679
41708
39308
82025
61296
50476
94420
7336
42587
62666
96481
9517
53643
20644
70194
47328
23350
74197
85409
74359
68302
18513
1574
23481
98636
20531
55829
95841
95880
23698
28766
72866
84098
30764
71263
59655
79058
16975
47492
63090
8263
38000
88042
50024
68633
80014
76544
84090
75212
24632
33178
14679
67321
73911
8486
3121
16210
53945
26874
24864
1181
36354
97397
13077
94595
43754
55984
82895
41155
46440
52281
9325
5165
10792
50957
54928
26113
78445
24829
38893
30023
76827
31113
8451
33517
41071
86104
18800
95527
34382
10222
37536
99427
74352
19836
97514
40294
45508
69608
59405
33986
94427
22978
53866
53436
46331
95252
88638
34346
73865
97789
54611
74141
38487
53552
70499
30851
31067
72781
75943
63838
5521
79554
3808
82724
69544
85838
53242
76088
31932
2076
33944
14688
595
67490
22294
50144
45269
73279
89054
8241
39579
79103
61537
45716
13370
48493
88400
46602
35667
36864
63439
11931
83191
51673
70815
52216
19377
80198
11649
89713
43585
55760
90501
73152
70382
6462
63699
25289
84311
46124
93003
91514
15081
40921
14160
12872
38108
66698
86845
86370
8119
23825
30049
93410
84116
70589
23807
39018
21990
23183
58942
31441
13087
86243
39496
95083
75335
62151
7339
42230
92309
9276
15197
68660
42512
765
36457
81584
8339
79301
85558
97627
44020
27272
21370
92400
68317
49962
47291
570
3091
93035
52002
34586
76785
74228
60753
11888
57745
68183
19671
71908
74890
65271
82938
63220
71099
86410
6176
66456
6792
54655
57548
30558
64266
504
55230
45335
86802
74327
5338
64810
5913
55416
12289
63370
74683
74199
38332
96178
16484
28115
58938
34525
11095
30560
16624
3506
86444
28161
95543
92203
55294
17567
44188
59698
75710
6651
55029
39030
1230
62905
14325
2902
94213
39364
56484
65749
34833
41805
82674
33992
73016
65459
78243
95937
59765
17276
21104
9318
29942
7601
1560
30354
28489
54284
59703
41415
67419
97069
58159
24380
40469
98827
62351
62414
39072
57763
40456
37183
56214
94055
74927
30586
80819
3873
727
52280
75329
52057
78691
73756
72509
37460
6936
725
50424
81179
86365
98292
60551
23894
65361
99814
29935
37458
68888
75490
39944
37767
29308
53975
65663
44567
49735
5363
8731
55674
91152
92432
57720
27914
15535
36654
74548
88450
65916
30051
28217
64260
51920
7476
86295
47310
17802
36990
75590
16589
92631
78102
93075
90676
84202
62044
33447
44606
64413
12438
22131
93505
28268
49488
88399
22650
40111
14391
98211
90680
58199
15401
32603
50246
46123
30794
85536
35093
57508
5485
47504
5241
56359
58558
30741
72146
58129
68130
62321
46538
3428
64108
236
61592
46435
86384
27315
76175
33333
88102
23847
40177
18222
64730
64124
19881
36114
54451
84372
44303
49367
6129
8470
26080
12725
63262
97082
65880
33084
76884
15689
89866
60368
83696
13983
70692
77060
91698
14088
99734
39024
69682
3933
94456
85585
65523
64158
91221
24215
77808
35855
65401
46982
3964
62783
26872
39531
96954
6323
84165
23580
33639
95351
45594
76456
19688
28773
26268
36947
21583
381
1392
3118
60407
25975
91112
83941
85041
59481
72988
70794
68832
10104
45204
51051
20658
80000
33372
66857
23131
41820
90176
3475
90205
5812
77129
51602
70081
39230
68271
18748
68439
34651
41548
70656
34809
76470
50082
47695
91507
71767
53971
81678
10680
84855
87373
91999
8011
13511
84535
93303
68138
79725
22049
35760
11443
58683
2542
97640
95737
22758
34213
38640
28922
28031
2506
52278
76104
65351
64808
65408
63755
85047
4192
54280
42893
38889
27398
10485
36288
60977
3511
98431
55747
66418
17260
99724
34965
10626
75165
80293
90840
43054
39086
40339
49321
19940
43503
40405
83242
26690
20168
80327
84133
35291
45009
74811
5713
72362
17770
78206
35666
8955
85010
1166
20375
22748
64847
78552
68712
22236
23067
46161
36131
89007
77517
69867
58457
95232
15538
88964
25184
41064
25411
39979
16708
15291
30430
60967
48230
25228
43387
10399
69057
38286
36035
73747
95503
30988
37980
15563
99155
34767
53835
86136
85927
24235
50612
63494
75728
48827
89366
11503
84054
18197
9594
94139
54657
63222
91172
77319
39585
88550
97238
5234
31708
86725
52165
25186
16476
92970
50854
32848
69878
35895
29022
10361
37142
6821
73772
40248
75750
89916
92524
11000
27761
46631
50678
50079
26217
3767
26752
85425
89594
28465
97058
9776
20286
77069
42837
63415
29652
22596
54843
34689
61052
84791
63577
75615
74084
40539
45320
96870
28742
58915
98732
86612
20076
51780
77486
72838
77427
28895
66254
88747
33822
4666
48988
15297
58309
20299
24009
81953
23010
61657
97060
69567
30796
65999
19837
82004
43667
1689
83303
82886
42101
24360
33666
53316
3663
26412
62957
24166
6775
33413
1463
34092
78703
91014
77047
73051
32293
38188
29478
21568
67887
38215
2291
57814
53089
61023
48822
87949
97503
47467
81207
65551
46096
8675
57617
89148
43868
82525
59266
51339
62862
55602
11832
70607
94171
72434
52995
55739
44589
33669
33950
42315
4309
37225
67664
29632
27997
76991
64419
59144
44142
42225
65410
89133
79472
43610
90924
99324
533
72694
45934
47560
40578
77548
64455
25220
82621
17453
12417
53425
93745
9131
78849
73268
39469
23851
59156
59005
55652
10729
89434
78709
82029
23218
72747
47344
57102
99337
90620
26823
33813
19036
87047
58756
84523
6587
89982
87409
59538
75982
76717
67009
94485
89338
40753
12264
23089
11340
12304
17892
2019
90893
4731
27023
32958
54866
57444
45592
68149
21892
75147
5879
96701
20507
71869
92142
53026
67522
66083
81291
33896
52322
98655
13121
13091
29938
47011
5126
14440
13026
14838
32089
22717
636
88320
25955
60875
46043
91039
10396
62276
99893
82676
30596
22371
43087
70896
5550
60366
41179
77985
73446
90960
12684
26147
27551
86374
91215
88614
20333
77408
28051
44805
52264
46491
22772
67451
46934
17299
14858
55886
88528
48265
55259
29004
82612
12634
94890
89404
9850
51649
83705
98848
40889
17715
85988
16815
27411
36383
52019
87232
30421
84241
79003
26070
32286
61489
43050
24723
85286
3797
5659
41258
88391
30144
61112
68300
98690
41385
74877
54236
71931
14288
5861
55763
73555
68377
4600
48031
19302
26892
79007
21060
90409
7633
28698
49169
37654
4664
5468
52911
67587
56622
90550
41307
4954
93202
95187
87147
55887
17320
66361
67818
86483
29490
92419
78135
39246
65017
95098
11454
61060
89065
6184
45278
10963
73103
69136
9516
18533
5535
15796
30537
19021
1465
3112
59626
86757
22669
922
14155
51107
50451
72043
37640
76093
74895
10798
5853
33719
63769
64900
89043
70258
34909
81706
91289
69658
60565
14698
36162
54278
77849
47012
6031
89318
27706
98129
59583
14668
80658
40377
39118
91645
85723
50339
46333
6874
45923
59472
33872
54479
35544
53898
43224
23856
59280
62097
81436
68898
70862
47461
49869
60554
52828
38445
76959
44585
15030
17050
35734
23601
47257
67131
84504
91581
80312
96601
98440
89192
58475
96761
35049
59370
30847
93810
7991
30684
74932
67699
55070
65854
36480
33901
73362
66797
39488
30438
24908
85105
1808
67943
13958
83695
22626
14607
27877
30706
25551
36762
24393
96449
68953
67841
55509
20478
99475
87789
67088
38867
33196
47180
17954
70597
57118
26576
45976
49965
5873
1772
31815
36764
59843
975
32284
55482
45610
85212
99380
22424
27542
70638
72594
40112
61532
20430
61402
56334
51218
80432
52540
95709
57679
64532
36848
74592
2041
25449
51754
25635
1305
20468
72457
30476
33455
77900
44838
48778
71083
30622
12612
54224
87255
15721
69829
17684
53314
99534
70086
3262
74332
88142
11463
80903
57326
4514
65150
65614
33003
25569
29900
56364
43212
46781
72081
96098
63073
44901
2239
94440
99982
13959
51465
61642
80859
52837
43634
46739
58693
48040
18101
96352
43569
72271
47842
61064
19877
66639
3607
6711
62115
40789
71414
11214
29521
61798
17935
43776
16102
68077
95945
70701
70626
24654
52735
17163
81412
12528
53860
4153
88645
78214
13667
45948
37613
45119
42655
50681
5762
52576
56202
69924
21872
855
22206
27350
55442
83630
4098
11264
63591
75405
91491
30931
73981
37041
66814
2619
65162
63032
29223
61732
74991
88778
12618
57287
20145
78178
31643
11551
22931
37140
46225
46381
70965
87269
75434
90206
73356
55564
37681
31364
75392
56509
81819
20923
55390
74916
78584
25823
98421
51124
41806
51096
97181
611
78120
74095
38799
22363
77236
57950
84132
12013
49198
60280
243
54724
32070
22875
68736
98966
57563
29691
52962
83730
43176
60491
36592
7452
68954
7924
52029
42504
79804
74397
52227
50251
69850
32515
17437
96309
71387
88418
72676
64613
67108
14169
69936
39769
88737
11648
89522
49593
91760
70303
20851
62300
1105
1141
9312
98480
25248
32435
24532
61158
20585
96558
71019
37464
18914
15705
71648
74506
33453
73684
77121
18448
19484
60483
49532
6753
17580
55711
56891
22576
99641
40133
26043
55868
85080
24919
1410
20651
24882
27478
69398
8010
94432
47941
28076
51733
68523
20576
85719
28839
33991
46897
72489
98099
36419
9840
15148
21925
89486
85667
93528
14108
9699
45334
88665
1439
60887
49157
80474
28348
29638
92819
50913
44283
80217
52720
9747
79825
27745
69820
35719
56458
56592
62648
43479
4531
38526
63392
54516
55977
7709
9322
44627
48006
52188
65627
22227
89653
37212
13325
18161
98594
67933
9109
36251
4827
7289
13884
53075
32641
83985
15614
28862
33330
51217
28226
69581
69336
35763
31892
69898
57404
57169
87514
31563
47742
46914
52484
11793
59920
31199
4945
87665
93941
98553
35462
91281
29589
37636
7747
46707
65084
60694
43590
72828
88938
39858
62805
12410
97288
77491
74596
25959
16396
86878
51211
24083
24658
86985
35181
95466
56802
26223
46343
52686
83123
47043
5707
12942
78692
92074
28121
38290
41420
37385
76658
8587
28705
74783
13147
71576
45061
85097
74588
5161
56003
89469
20722
26567
29539
72962
58567
14014
91544
44863
21793
49046
40748
47255
52468
41335
54350
46176
93506
79020
34114
44511
42663
72785
96183
47156
29466
78499
48353
23235
42332
69295
52130
23206
27918
50712
53725
81085
24223
89979
62121
86857
46467
86101
38674
80040
80465
96572